Senegal,-0.6075625,0.063865444,0.018248333,0.010730778,-0.00010261111,0.0091571111,-0.037797778,0.038485611,-0.030894389,0.025745889,0.0052595556,-0.0012906111,0.019491056,-0.0010856111,0.016452333,-0.012271833,0.010916056,-0.00014072222,-0.0019623333,-0.0024456667,-0.0019062778,-0.0055505556,0.00047261111,-0.0010377222,0.0016831111
Mali,-0.61502418,0.0636398,0.020037617,0.012656217,0.00034368333,0.0103655,-0.042454733,0.0430867,-0.037298367,0.02774245,0.0043628333,-0.000042483333,0.020277267,-0.00011923333,0.01314905,-0.0094204833,0.0095919333,-0.00027663333,0.0013051333,-0.0013818667,0.00037638333,-0.00037506667,0.000057466667,-0.0001727,-0.00038923333
Ivory_Coast_Ghana,-0.62721082,0.06363296,0.02093024,0.0158593,0.00076928,0.01229906,-0.0382693,0.0399445,-0.0437926,0.03146486,0.00460532,-0.0000899,0.02012862,0.00091382,0.01163396,-0.00931304,0.00862884,0.00176344,0.00283322,-0.00183584,-0.00036682,0.00208974,-0.00049544,0.00029888,-0.00010774
Nigeria,-0.63058,0.0639785,0.0214955,0.018088,0.001385,0.0110165,-0.0314915,0.0406135,-0.0452,0.0336225,0.004141,-0.0014235,0.0178395,0.002477,0.0050895,-0.0049725,0.0082795,0.0041805,0.0030795,0.001563,-0.0000625,0.000371,-0.0025885,0.001145,-0.0024545
Cameroon_Congo_Western_Bantu,-0.6280987,0.06278,0.0190824,0.01806862,0.00026466,0.0111222,-0.01552494,0.02251742,-0.03295292,0.01897802,0.00306264,-0.00383058,-0.00073432,0.00078988,-0.0041856,0.00353748,-0.00354896,0.00127956,-0.00120418,0.00226108,0.00065128,0.00028444,-0.00006402,0.00018076,-0.00137948
Southern_Bantu,-0.62931533,0.063752667,0.020196889,0.017836778,-0.0011624444,0.0094514444,0.029350333,-0.012999444,-0.021429556,0.011460667,0.0024177778,-0.007793,-0.011199111,0.0022936667,-0.009817,0.0063643333,-0.0051864444,0.060317778,-0.024916111,0.0034738889,-0.0041872222,-0.00098911111,0.0023414444,0.0010041111,-0.00043922222
Eastern_Bantu,-0.59789671,0.063688,0.017185857,0.007106,-1.4285714e-7,0.0058568571,-0.014503571,0.018889429,0.0045287143,-0.021581857,-0.0050572857,0.015993,-0.032875429,0.0011991429,-0.030401286,0.026726429,-0.018030286,-0.0024431429,-0.009948,0.0047167143,0.0016934286,0.00019457143,0.0034157143,0.0039762857,0.00066714286
Nilotic,-0.5769205,0.054258429,0.00018871429,-0.0083749286,-0.0022201429,-0.0052791429,-0.012505929,0.015015786,0.0868495,-0.10521529,-0.021597786,0.024556714,-0.045681214,-0.0015926429,0.0074257857,-0.016242286,0.024055786,-0.012388286,0.018890571,-0.019518286,-0.00097157143,0.003692,-0.0057575714,-0.0036147857,0.0040628571
Ethiopia_Eritrean,-0.204123,0.10798467,-0.033186667,-0.088394333,0.002975,-0.040811,-0.015353667,0.00015366667,0.101512,-0.061778,-0.0018403333,-0.010840333,0.019871,0.001468,0.021896333,-0.004685,0.007432,-0.000084666667,0.0077933333,0.0025843333,0.0047836667,0.0074193333,-0.001972,-0.00036133333,-0.0031533333
Somali_Somalia,-0.29869067,0.09376725,-0.02652425,-0.070198667,0.00056433333,-0.033978167,-0.021601417,0.0063073333,0.116374,-0.0812925,-0.00874175,-0.0059446667,0.0052030833,-0.00084875,0.02495,-0.01882775,0.015971917,-0.0032411667,0.0099615,-0.0042206667,0.0014455,0.00508,-0.0031531667,-0.0012250833,-0.0019058333
Khoisan,-0.6220435,0.060424,0.02093,0.030039,-0.0004615,0.000837,0.236773,-0.1823,0.0185095,0.0067425,0.00203,-0.053952,-0.0211845,0.005505,0.018797,-0.0212805,0.029662,0.2623085,-0.0877375,0.001751,-0.0331915,-0.002844,0.0038205,-0.0050005,0.0016765
Aka,-0.64375086,0.061656857,0.027206571,0.034053429,0.0017144286,0.0080085714,0.17823886,-0.13937871,-0.022877429,0.042669286,0.017468429,-0.16153486,-0.053666571,-0.004168,0.005584,-0.0055117143,-0.0019557143,-0.036630857,0.012354143,-0.0011435714,0.0038505714,-0.00022942857,-0.0024827143,0.0019105714,-0.0040714286
Mbuti,-0.647426,0.0591038,0.0254932,0.0374034,-0.001108,0.0066378,0.3663348,-0.293434,0.0177118,0.02985,-0.0089316,0.2198242,0.1264506,0.0010182,0.010342,-0.0014052,0.0009386,-0.0518664,0.014229,0.003727,0.0061144,-0.0018548,-0.0043878,0.0025304,-0.0006944
Northern_Africa,-0.055915687,0.13252663,-0.0062225,-0.068778813,0.022984813,-0.031131187,-0.02704075,0.0061584375,0.057202688,0.028816,0.00750025,-0.0062756875,0.02175075,-0.014132125,0.01678675,-0.010043688,-0.002192125,-0.016192313,-0.036617437,0.0098795625,-0.010208437,-0.029676562,0.020821125,-0.0021763125,0.0046326875
Egyptian,-0.019507034,0.13513538,-0.043394862,-0.086775621,-0.0045843103,-0.032110931,-0.014765241,0.0018142069,0.037230276,0.0011688966,0.0066075172,-0.0091521724,0.021478828,0.0019077931,-0.000032724138,-0.00030168966,-0.0041812759,-0.002739069,-0.0038576207,0.0021993103,0.00064972414,-0.00072486207,0.00031027586,0.0020484138,-0.00078458621
Arabian_Peninsula,0.054002741,0.13987981,-0.061792,-0.10846889,-0.011819778,-0.044323037,-0.011263037,-0.008350037,0.04900237,-0.0064322593,0.014687185,-0.028102778,0.058456667,0.0058565926,0.003775,0.023321111,-0.024603889,0.0057712963,-0.0011081481,0.024354296,0.010712556,0.015703815,-0.0064727407,0.006355037,-0.0083158519
Levant,0.0884404,0.1457285,-0.0490634,-0.0788443,-0.0134486,-0.0302318,-0.0008225,-0.004892,0.0045199,0.0105879,0.0068528,-0.0046759,0.0104659,0.0001789,-0.0104911,0.0086447,-0.0019167,0.0014949,0.0026899,0.0007253,0.0004618,0.0006183,-0.0022061,0.0019762,-0.0008382
Cyprus,0.10050163,0.14702607,-0.035421333,-0.069038259,-0.0031685556,-0.023313185,0.00013925926,-0.0042648519,-0.0016285926,0.017150519,0.0036327037,0.0018206296,-0.000016555556,0.003048037,-0.012048926,0.000088407407,0.0046117778,0.00075077778,0.003636,-0.0028948889,-0.0019687407,0.0012869259,-0.0010956296,0.002334037,-0.00083825926
Anatolia_Caucasus,0.10951404,0.13920007,-0.055625357,-0.063377214,-0.026708071,-0.017609964,0.0074026429,-0.0076974643,-0.038896071,-0.0012235714,0.0015775,0.0064175714,-0.012747536,0.0066010714,-0.010697714,-0.010588286,0.0089639643,-0.000094928571,-0.0011942143,0.0029791071,0.0038102857,0.0020270357,-0.00065153571,-0.0035761071,-0.0014625714
Iran,0.093278,0.0981002,-0.05933975,-0.03128255,-0.04119225,-0.00290045,0.003384,-0.0034268,-0.02934915,-0.01303895,0.00002435,-0.00113155,0.002609,-0.0007707,0.001744,0.00827365,-0.0037811,0.0017421,0.00311095,-0.0088792,0.0000936,-0.0028563,-0.0012879,-0.0027051,0.0040355
Burusho,0.07125325,-0.0373207,-0.08604005,0.06154765,-0.06590445,0.0387101,0.0034075,0.00311525,-0.01089095,-0.0103419,-0.01302365,-0.0015286,0.0001784,-0.0104111,0.00908645,0.0097321,0.00001295,-0.00118455,0.0001381,-0.0064969,-0.00384945,-0.00114995,0.00374065,-0.0003495,0.00451445
Central_Asia_South,0.084229,0.03859,-0.074921333,0.042313,-0.062473333,0.033466667,0.00517,0.0029996667,-0.014384667,-0.016583667,-0.005521,-0.00074933333,0.0028743333,-0.0038536667,0.017281667,0.0080436667,-0.015429,0.00114,0.003645,-0.014298667,-0.0031193333,-0.001731,0.0057513333,-0.0061853333,0.0030333333
Northern_India,0.055773355,-0.050795411,-0.15153554,0.10751143,-0.079971701,0.062951112,-0.00085873832,0.011671654,0.031217607,0.016973542,-0.0064621308,0.00071150467,-0.001946486,-0.00010421495,0.0012329065,0.00029120561,-0.0011612804,0.000097074766,0.000052906542,-0.0055938411,0.0023183178,-0.0039441589,0.0019454766,0.0010348692,-0.0037043458
Southern_India,0.035748852,-0.097378037,-0.17262352,0.11392419,-0.068525593,0.062574815,-0.0031594444,0.012546407,0.051441481,0.032620259,-0.00057744444,0.00049403704,-0.0012057778,0.0050666667,-0.00849,-0.0059321481,0.0069633704,0.000032814815,-0.00033055556,0.0048865926,0.0050604815,0.0024409259,0.00033774074,0.0039495556,-0.0039207037
Bengal,0.041955744,-0.11941917,-0.14520464,0.09917243,-0.053305058,0.061132174,-0.0019592558,0.010762523,0.040735872,0.024726895,-0.0041843488,0.00099854651,-0.00031805814,0.00083381395,-0.0061405349,-0.0062717907,0.0045603837,-0.0013126512,-0.0023473721,0.0045908372,0.00091265116,0.0038950116,0.0016567093,0.0040996163,0.0013144302
Nepal,0.068343286,-0.037574639,-0.10054374,0.085805688,-0.06204502,0.050879367,0.0018493913,0.0067321074,0.0070427206,0.00093502355,-0.0091715145,-0.0015051941,0.00089844323,-0.0044996285,0.0029621411,0.0029112345,0.0012302643,-0.0023133636,-0.00087435856,-0.00353978,-0.00016828637,-0.0022902253,0.0049727507,0.0026351694,0.0023688365
Tibetan,0.0235045,-0.4098169,0.0034507,-0.03606295,0.0151873,0.0064424,0.00775525,0.00638055,0.00471435,0.0133396,-0.0819331,-0.0116223,0.01207115,-0.0047067,-0.01054565,-0.00419655,0.0040094,-0.0037183,-0.0068317,0.0054088,0.0001311,0.02495315,0.00740105,0.0006566,0.03336215
Northern_Asia,0.046057643,-0.37777696,0.10571504,-0.021467964,-0.10586596,-0.063607036,0.029518786,0.037226536,0.021380179,0.022942107,0.027252286,0.010233714,-0.022245929,0.063763571,0.034322786,0.022213429,0.0062584643,-0.014555679,-0.036793643,-0.028227786,-0.0011630714,0.032140893,0.00496075,-0.0011491429,-0.013518786
Mongolia_Central_Asia_North,0.043090224,-0.35688612,0.061032,-0.030118102,-0.043241918,-0.024929367,0.014882592,0.016652367,-0.000075081633,0.0074828163,-0.033727082,-0.0034378163,0.00034589796,0.0014267755,0.0017809388,-0.00049518367,-0.0031025918,0.00024814286,0.0042095918,0.0098260816,-0.013539857,-0.0068968163,-0.013710816,-0.0014656327,0.0014222449
Korea,0.02289113,-0.45518285,0.018122704,-0.064193259,0.038656685,0.012059407,0.005244,0.0035554444,-0.0091164074,0.0065334444,-0.074888111,-0.0088725926,0.010241074,-0.0058286111,-0.0091938519,-0.0026174074,0.0011203704,0.0019824815,-0.00026066667,-0.0074132593,0.016085093,-0.004162963,0.0075318148,0.00076085185,-0.017290519
Japan,0.022276857,-0.44509214,0.012067714,-0.058278429,0.036666143,0.0091237143,0.00329,0.0011207143,-0.0064277143,0.0099968571,-0.074072429,-0.0076005714,0.011277,-0.0068615714,-0.011749429,-0.004868,0.0012107143,0.003873,0.0021548571,-0.0089687143,0.027398,-0.017134714,0.0050707143,0.0030812857,-0.040407
Southern_Japanese_Islands,0.02817125,-0.416621,0.00518575,-0.042636,0.03477575,-1.6263033e-19,0.00052875,0.00773075,-0.0017385,0.017768,-0.068366,-0.0147995,0.01025725,-0.004989,-0.01106125,-0.00659625,0.0088335,0.004719,0.00622225,-0.00309525,0.0357805,-0.01873325,0.0067785,-0.0044285,-0.0423315
Northern_China,0.0254964,-0.4441926,0.0088248,-0.0643416,0.0505322,0.020415,0.0067212,0.0033692,-0.0136212,0.0037906,-0.076355,-0.01142,0.0121306,-0.0083674,-0.0050218,-1.7347235e-19,0.0025556,-0.0011656,-0.0014832,-0.004377,0.0109056,0.0073698,0.0085288,-0.001687,-0.001868
Southwestern_China,0.019837571,-0.44813843,-0.0072191429,-0.066999429,0.077157286,0.033426857,0.0019807143,-0.0053402857,-0.013264714,0.00036442857,-0.053356429,-0.010019714,0.010002571,-0.0074121429,-0.0077361429,-0.00081442857,0.0011921429,-0.00070571429,-0.003717,-0.0058242857,0.011230143,0.0063062857,0.011690857,0.00022385714,0.0024805714
Central_Eastern_China,0.02105725,-0.450895,-0.00235725,-0.06710325,0.072706,0.0328395,0.00393625,-0.00230725,-0.0138565,-0.00118475,-0.0578105,-0.0094415,0.00791625,-0.00681225,-0.00705725,-0.0002985,0.001923,-0.0012985,-0.001257,-0.00972325,0.0112925,0.00612075,0.01374225,-0.0000905,-0.00296375
Southern_China,0.017358,-0.4544495,-0.020176,-0.06403475,0.0980955,0.052292,-0.00047,-0.0098075,-0.0162085,-0.00870175,-0.0241145,-0.00355925,0.00505425,-0.010012,-0.0011535,0.00036475,0.000163,-0.00167875,-0.00182275,-0.01250575,0.0125405,0.0040805,0.01750125,0.00024125,-0.0025445
Dai,0.015556,-0.440063,-0.045883,-0.061477667,0.12166367,0.061727667,0.00078333333,-0.0082306667,-0.019225333,-0.013364,0.010447,0.0020983333,-0.0020813333,-0.0053213333,0.00085966667,0.005392,0.0050416667,0.000211,-0.005028,-0.011505667,0.012478,0.0083673333,0.01442,0.002169,0.0073046667
Southeast_Asia,0.0113824,-0.3974782,-0.059585,-0.0337212,0.1141132,0.0590134,-0.0032432,-0.004846,-0.003027,-0.0072894,0.0236438,0.0053052,-0.0022,-0.0038258,0.005103,-0.0045082,-0.00412,0.0004308,-0.0025894,0.00005,0.0024956,0.0108074,-0.000986,0.0035186,0.0220578
Vietnam,0.018781,-0.4478485,-0.0250785,-0.066538,0.104327,0.0546625,0.003055,-0.0098075,-0.015646,-0.004738,-0.0215975,-0.0040465,0.0055745,-0.005367,-0.002714,0.003845,0.003716,-0.0009505,-0.0030795,-0.012756,0.0147865,0.0064915,0.012448,0.004639,-0.006167
Northern_Philippines,0.014322667,-0.41526683,-0.051602583,-0.049042167,0.12443333,0.051525,-0.003995,-0.010595667,-0.016191417,-0.014092917,0.033438667,0.0039464167,-0.0028616667,-0.0038994167,0.0075099167,0.0068283333,-0.0027706667,0.0047720833,0.0060649167,-0.0076389167,0.0034625,-0.02084575,-0.0033378333,-0.005613,-0.042620833
Southern_Philippines,0.0119515,-0.40697325,-0.060528,-0.0337535,0.132717,0.0340945,-0.0059925,-0.01528775,-0.015595,-0.01954475,0.04952825,0.0031845,-0.002267,0.001204,0.006752,0.00590025,-0.00475925,0.0055425,0.005531,-0.00747225,0.0002185,-0.02578175,-0.00693275,-0.00316275,-0.05068425
Guam,0.0056915,-0.4316,-0.039975,-0.0644385,0.142488,0.0577305,-0.0034075,-0.015461,-0.0220885,-0.0359915,0.055212,0.002173,-0.0035675,-0.0081195,0.01269,0.0039775,-0.0058675,0.008868,0.0043365,-0.016633,0.007861,-0.0335715,-0.0077645,-0.0119895,-0.067
Melanesia,-0.0459844,-0.2410866,-0.2637584,0.3092414,0.2069308,-0.509589,-0.001974,0.0070152,-0.041273,-0.0119546,-0.018902,0.000869,0.0013974,-0.00311,0.0001628,-0.0003186,-0.0021906,-0.0018498,-0.001081,-0.0015256,0.0023458,0.0018052,0.0012324,0.0018314,0.0016048
Australian,-0.0414316,-0.2321502,-0.2086986,0.2303646,0.1406418,-0.3374576,0.00094,0.0044304,-0.0074038,0.0012758,-0.0063982,-0.00009,0.0018136,-0.0012112,-0.0037188,-0.0014588,0.010509,0.0005322,-0.0022124,0.0075536,0.005141,0.00136,-0.0035988,0.0023136,-0.0040954
Tonga,0.000569,-0.3833625,-0.10452517,0.030577333,0.15787567,-0.0818545,-0.0015275,-0.0040766667,-0.027781167,-0.0184665,0.040759333,0.006794,-0.0044598333,-0.0016515,0.005836,0.0071598333,-0.0026291667,0.0055743333,0.0063478333,-0.0099421667,0.0025165,-0.023143667,-0.0036358333,-0.0070691667,-0.048039833
Samoa,0.0022762857,-0.39953843,-0.091640286,0.0068752857,0.15167671,-0.045817857,-0.00090642857,-0.0072851429,-0.025565429,-0.016635429,0.041455429,0.0069794286,-0.0056915714,-0.0014154286,0.006941,0.010436714,-0.002645,0.003131,0.0042377143,-0.012899143,0.0039038571,-0.022186714,-0.0046302857,-0.007247,-0.052450286
Hawaii,-0.003415,-0.414336,-0.053928,-0.045543,0.140642,0.029562,-0.00517,-0.011076,-0.022498,-0.020957,0.040272,0.003597,-0.005798,0.001239,0.012758,0.013657,0.000261,0.011022,0.005531,-0.007379,0.000125,-0.026585,-0.003944,-0.003615,-0.058677
Indigenous_Arctic,0.05122,-0.344264,0.116907,0.052003,-0.113867,-0.019801,-0.157927,-0.184838,-0.002659,-0.019681,0.008282,-0.008842,0.013825,-0.012799,-0.019408,-0.005569,-0.00665,0.005828,0.020112,0.016383,0.009109,-0.028193,-0.000739,0.01687,0.015208
Indigenous_Americas_North,0.05292775,-0.328016,0.11200475,0.07743925,-0.10617375,-0.01840675,-0.19834875,-0.23479775,-0.0037325,-0.020137,0.00828175,-0.00340975,0.0063925,0.00006875,-0.01513275,-0.004508,-0.0005215,0.00326225,0.0115015,0.00734725,0.00386825,-0.01075775,0.0027115,0.0062055,0.0092805
Indigenous_Americas_Mexico,0.056912,-0.304659,0.109742,0.089471,-0.106789,-0.012271,-0.272377,-0.320756,-0.013703,-0.016037,-0.007632,-0.000899,-0.000297,0.018029,-0.004479,0.012994,0.003129,0.001647,0.003142,-0.003377,-0.005989,0.004822,-0.00419,0.00253,0.00491
Indigenous_Americas_Yucatan_Peninsula,0.055773333,-0.29873483,0.11131367,0.091462833,-0.10643017,-0.016036,-0.27868367,-0.33152467,-0.013805333,-0.0164925,-0.0011908333,-0.0004245,0.0010405,0.019840667,-0.0092515,0.0032926667,0.0068235,-0.0011401667,-0.000754,-0.00173,-0.003161,0.0064713333,0.0018488333,-0.00058233333,-0.00053866667
Indigenous_Cuba,0.049825,-0.31638655,0.11409735,0.095785129,-0.11066084,-0.020035194,-0.29353574,-0.34543229,-0.01101129,-0.016806903,-0.00071764516,0.00063806452,-0.00098787097,0.023870871,-0.0072193871,0.003460129,0.0017623871,-0.0020597419,0.0033249032,0.0047643871,-0.0033931935,0.0045272903,-0.001828871,-0.003234,-0.0035615161
Indigenous_Haiti_Dominican_Republic,0.051200204,-0.31618912,0.11823898,0.098678018,-0.11196371,-0.018952221,-0.30315347,-0.35785914,-0.011826195,-0.016022292,-0.0020262478,-0.00080638938,0.0010577434,0.025288442,-0.0068304336,0.0036925664,0.0058511504,-0.0011749558,0.0010189646,0.00045271681,-0.00094082301,0.0067931947,-0.0025347699,-0.0033152212,-0.0021819558
Indigenous_Puerto_Rico,0.051149312,-0.31544875,0.11742606,0.098171813,-0.1115785,-0.017413125,-0.30245888,-0.35763425,-0.01436775,-0.01530775,-0.003399875,-0.001376875,-0.0007711875,0.024806438,-0.0079226875,0.004242875,0.00556575,-0.0020585625,0.0015005625,-0.0031343125,0.000288375,0.00405725,-0.002426375,-0.0030123125,-0.0010926875
Indigenous_Colombia_Venezuela,0.051789375,-0.315068,0.11572875,0.096738625,-0.111136,-0.01708225,-0.2957315,-0.35144688,-0.011657875,-0.014624375,-0.0005275,0.001199,0.001561,0.0240325,-0.007838,0.006264875,0.008377,-0.001536125,0.001759875,-0.0001095,0.003119625,0.004683375,0.001895,-0.00213875,-0.002948625
Indigenous_Americas_Ecuador,0.0526435,-0.2924725,0.112759,0.0906015,-0.10548125,-0.0181975,-0.28594925,-0.34169725,-0.010891,-0.0122555,-0.0018675,-0.00142375,0.001598,0.022811,-0.00644675,0.004243,0.00955075,0.00180525,-0.0001885,-0.00109425,-0.00124775,0.005626,-0.00154075,-0.0016265,0.000569
Indigenous_Americas_Bolivia_Peru,0.056386154,-0.308174,0.11948915,0.095856462,-0.11479062,-0.016325846,-0.29815615,-0.35659469,-0.012287077,-0.016695615,-0.0056086154,-0.00077230769,-0.0010863846,0.020971538,-0.005982,0.0042122308,0.0075824615,0.0015884615,0.0026299231,-0.000076923077,-0.0035611538,0.0051458462,-0.0015737692,0.00091753846,-0.0011053077
Indigenous_Americas_Chile,0.048375,-0.3122755,0.118416,0.0948005,-0.1174065,-0.020917,-0.287653,-0.3434855,-0.012476,-0.020319,-0.0015425,0.001274,0.003196,0.019749,-0.0083465,0.0035135,0.004824,-0.003547,0.000377,0.0001875,-0.0035565,0.0001855,-0.0041905,0.003073,0.002275
Indigenous_Americas_Eastern_South_America,0.052282733,-0.31643913,0.1201758,0.098471933,-0.12059693,-0.019057533,-0.31143593,-0.3671692,-0.0125032,-0.018636667,-0.00082266667,-0.0003796,0.0007434,0.030359533,-0.010586133,0.0064172667,0.0081445333,-0.00030406667,0.0031675333,0.0022678,-0.0015720667,0.010460867,0.00057513333,-0.0025222667,-0.0025066667
Jewish,0.10045592,0.13618584,-0.0065552087,-0.040445072,0.010362907,-0.014398023,-0.0012624132,-0.00061409298,0.0074816074,0.013295312,0.00097870248,-0.001365845,0.0013462397,0.0014575496,-0.0052807562,-0.0014174153,-0.0027421322,-0.00083890496,0.00040955165,-0.0034471384,-0.0037083285,-0.0032203326,0.0014886508,0.003010186,0.000093035124
Finland,0.12926352,0.085216109,0.090566239,0.076572065,0.031176283,0.022153696,0.0092571304,0.014191674,0.0032279348,-0.023845152,0.004109087,-0.0077735217,0.013427978,0.0033179565,0.0028265435,0.0029631087,-0.0026558696,0.00043519565,-0.00068034783,0.0057337174,0.0094941522,0.00026613043,0.0028882826,0.0067347391,0.0021423261
Sweden_Denmark,0.13220493,0.12593516,0.072502308,0.059102963,0.040384121,0.020809963,0.0064197664,0.0093446729,0.0037406916,-0.006650729,-0.004191785,0.00054619626,-0.0030787944,-0.0033274019,0.014646411,0.0061623458,-0.0048949346,0.0015794766,0.0028429439,0.0050947196,0.0068080654,0.0024371869,0.0012693271,0.011635336,0.00024508411
Norway,0.13180044,0.12968906,0.067948176,0.054815,0.040704324,0.019784735,0.0042922353,0.0059588824,0.0061958529,-0.0029425,-0.0047667353,0.0042889412,-0.0094224412,-0.0096295588,0.020162441,0.0055805,-0.0079840588,0.0034354412,0.0034492647,0.0046823235,0.0056077059,0.0036114118,0.00018114706,0.013286618,-0.00023594118
Baltics,0.13636,0.1289724,0.0843244,0.0804916,0.0464084,0.0303992,0.0098706,0.0160608,0.0009408,-0.0279188,-0.0058784,-0.0107606,0.0233098,0.0324238,-0.0103962,-0.0003182,-0.0029204,-0.0017738,0.001106,0.002126,-0.0025956,-0.0033386,0.0103526,-0.0083384,-0.0001196
Eastern_Europe,0.13203475,0.1180555,0.07740425,0.066215,0.03593,0.02391475,0.00605125,0.01367225,-0.0048065,-0.0235995,0.0009335,-0.011315,0.01940025,0.02542575,-0.01180775,-0.00464075,0.0013365,-0.003579,0.00062825,0.0054715,0.0003745,-0.001762,-0.0002465,-0.0061755,0.0006885
The_Balkans,0.12735547,0.13650406,0.039932944,0.015468111,0.031749472,0.0051749722,0.0051896667,0.006519,-0.00060783333,-0.000025277778,-0.0021741389,-0.0018441111,0.0041376944,0.012114639,-0.01367,-0.00024308333,0.0059288889,0.00096427778,0.0049616111,-0.0019800556,-0.00815225,-0.0018445,0.0052278333,0.00092711111,-0.0022119444
Greece_Albania,0.12217939,0.14341256,0.017687854,-0.016268171,0.025445634,-0.0074144146,0.0029231707,0.0014914634,0.0015264634,0.017650268,0.00025743902,0.003322561,-0.0064287073,0.006897878,-0.019745683,-0.0016298537,0.012923854,0.00061804878,0.0077258537,-0.0062072195,-0.0086979756,0.0010073171,0.0025580488,0.003150561,-0.0027305366
Aegean_Islands,0.10471713,0.1466424,-0.027253333,-0.0609178,0.0021132667,-0.0195596,0.0034780667,-0.0040151333,-0.0027405333,0.016522733,0.0052720667,0.0028075333,-0.0038949333,-0.00044966667,-0.013110667,-0.0025987333,0.0026684667,0.005,0.0044496667,-0.0046689333,-0.0042507333,-0.00093973333,-0.000148,0.0013334667,-0.0027780667
Malta,0.091912375,0.14649012,-0.0024985,-0.043403125,0.013271375,-0.017814125,-0.004406375,-0.000923125,0.01109525,0.020524375,0.006150375,0.000973875,-0.002898875,-0.000722625,-0.004258125,0.000878375,-0.000407375,-0.00376875,-0.000487125,-0.002360625,-0.006145375,-0.00259675,0.00281925,0.001189875,0.002904
Sardinia,0.1213354,0.1677655,0.0281332,-0.0510017,0.0603804,-0.0222275,-0.0039245,0.0021691,0.0419071,0.0775597,-0.0003734,0.0165302,-0.0284536,-0.0124135,-0.0142506,-0.0043621,0.0104308,-0.0010642,0.00225,-0.0134063,-0.0021461,-0.0011749,-0.0102297,-0.021039,0.0011137
Southern_Italy,0.1097256,0.1494856,-0.001735,-0.041667,0.0176032,-0.0135542,0.000517,-0.0054918,0.007731,0.0232168,0.0033452,0.0026376,-0.008979,-0.0012386,-0.0085232,-0.003792,-0.004068,0.0015202,0.002514,-0.0022012,-0.0050162,0.0011622,0.0000246,0.0038318,0.0049334
Northern_Italy,0.12292886,0.14739686,0.027260286,-0.015457857,0.032225857,-0.007251,0.0017792857,0.0012197143,0.0091744286,0.030016857,-0.0014847143,0.007793,-0.015120857,-0.006075,-0.001803,-0.0053982857,-0.0041537143,0.0015204286,0.0036991429,-0.0043414286,-0.0024064286,0.0013955714,-0.000176,0.0034081429,-0.0018647143
France,0.12721086,0.14198062,0.048014063,0.019764524,0.040432381,0.0057814444,0.0029431746,0.0034467302,0.011018333,0.017977714,-0.0034797619,0.0069723968,-0.014141619,-0.009314619,0.011219556,0.0037524921,-0.0014093651,-0.00027952381,0.0011332857,0.00090714286,0.0027332063,0.0017449048,-0.0013753016,0.0059923651,-0.0013742381
Germanic_Europe,0.13031626,0.13738516,0.057603343,0.038228,0.039491451,0.015306196,0.0042370196,0.0060449902,0.003749549,0.0015061176,-0.0042523725,0.002275951,-0.0053561471,-0.0018336569,0.0086274902,0.0029768039,-0.0031483922,0.0015662941,0.0035664608,0.001313098,0.002927402,0.0019190098,0.00041086275,0.0083899216,0.000065764706
Basque,0.12520538,0.14902888,0.05444675,0.0086267917,0.054009958,0.000511375,-0.00076375,0.00055754167,0.028846292,0.041625708,-0.005284375,0.010303333,-0.024937917,-0.018515958,0.01547775,0.0015745,-0.006546375,0.0029877083,-0.0023045417,-0.0031629583,0.008173125,0.00156625,-0.0066707917,-0.00803825,0.00094795833
Spain,0.10775233,0.14386667,0.040477333,-0.0021533333,0.043802667,0.0018593333,-0.0017233333,0.004615,0.028428667,0.029218333,-0.0023276667,0.007843,-0.012091,-0.012019,0.01226,-0.006541,-0.0067796667,-0.0017313333,-0.004525,-0.0022926667,0.000291,-0.00090666667,0.0013146667,-0.0025703333,-0.002754
Portugal,0.10476667,0.14533107,0.037015239,-0.0031036087,0.042007739,-0.0033466957,-0.0036527609,0.0030349348,0.025729957,0.029082478,-0.001998087,0.0062586304,-0.01189287,-0.011431696,0.011382783,-0.0015766522,-0.0034182826,-0.00094743478,-0.0049405,-0.0011717609,0.0013562826,-0.0025321522,0.0012806957,-0.0018021522,-0.00057530435
England,0.13179763,0.136504,0.062036333,0.04384725,0.039699667,0.016617208,0.0046510417,0.00520175,0.005240875,0.0049127917,-0.00544675,0.0057324583,-0.012425542,-0.0106945,0.020985792,0.004347875,-0.00953975,0.0034205417,0.003498625,0.0031629167,0.0057970833,0.0037919583,-0.002927125,0.013455583,0.00015975
Wales,0.1319779,0.13816285,0.0601319,0.0430236,0.04059215,0.0166218,0.0033135,0.00639205,0.0062789,0.0043372,-0.00423025,0.00591215,-0.0129112,-0.01097545,0.02059545,0.00570795,-0.00870315,0.00235635,0.003086,0.00200715,0.0049849,0.0038518,-0.00001235,0.0112243,0.00080825
Scotland,0.13153262,0.13378109,0.062247147,0.0474905,0.038595235,0.017422412,0.0032416471,0.0051921176,0.0039882353,0.003098,-0.0058650882,0.0054922059,-0.012142206,-0.012774588,0.022976647,0.0043325882,-0.0096023824,0.0026083529,0.0024141765,0.0022106765,0.0038020588,0.0033967647,-0.00066338235,0.014268441,-0.0011657941
Ireland,0.13349653,0.13424234,0.0615818,0.0491266,0.037704147,0.019507621,0.0031935684,0.0047462947,0.0037761579,0.0026797895,-0.0068459263,0.0057517474,-0.014135242,-0.013678211,0.025923947,0.0049615789,-0.011359895,0.0020190842,0.00085737895,0.0015559579,0.0050687158,0.0016152842,0.00076930526,0.014576495,0.00078153684























