Tibetan,0.0235045,-0.4098169,0.0034507,-0.03606295,0.0151873,0.0064424,0.00775525,0.00638055,0.00471435,0.0133396,-0.0819331,-0.0116223,0.01207115,-0.0047067,-0.01054565,-0.00419655,0.0040094,-0.0037183,-0.0068317,0.0054088,0.0001311,0.02495315,0.00740105,0.0006566,0.03336215
Yakut,0.046057643,-0.37777696,0.10571504,-0.021467964,-0.10586596,-0.063607036,0.029518786,0.037226536,0.021380179,0.022942107,0.027252286,0.010233714,-0.022245929,0.063763571,0.034322786,0.022213429,0.0062584643,-0.014555679,-0.036793643,-0.028227786,-0.0011630714,0.032140893,0.00496075,-0.0011491429,-0.013518786
Mongolian,0.043090224,-0.35688612,0.061032,-0.030118102,-0.043241918,-0.024929367,0.014882592,0.016652367,-0.000075081633,0.0074828163,-0.033727082,-0.0034378163,0.00034589796,0.0014267755,0.0017809388,-0.00049518367,-0.0031025918,0.00024814286,0.0042095918,0.0098260816,-0.013539857,-0.0068968163,-0.013710816,-0.0014656327,0.0014222449
Korean,0.02289113,-0.45518285,0.018122704,-0.064193259,0.038656685,0.012059407,0.005244,0.0035554444,-0.0091164074,0.0065334444,-0.074888111,-0.0088725926,0.010241074,-0.0058286111,-0.0091938519,-0.0026174074,0.0011203704,0.0019824815,-0.00026066667,-0.0074132593,0.016085093,-0.004162963,0.0075318148,0.00076085185,-0.017290519
Japanese,0.022276857,-0.44509214,0.012067714,-0.058278429,0.036666143,0.0091237143,0.00329,0.0011207143,-0.0064277143,0.0099968571,-0.074072429,-0.0076005714,0.011277,-0.0068615714,-0.011749429,-0.004868,0.0012107143,0.003873,0.0021548571,-0.0089687143,0.027398,-0.017134714,0.0050707143,0.0030812857,-0.040407
Ryukyuan,0.02817125,-0.416621,0.00518575,-0.042636,0.03477575,-1.6263033e-19,0.00052875,0.00773075,-0.0017385,0.017768,-0.068366,-0.0147995,0.01025725,-0.004989,-0.01106125,-0.00659625,0.0088335,0.004719,0.00622225,-0.00309525,0.0357805,-0.01873325,0.0067785,-0.0044285,-0.0423315
Northern_Chinese,0.0254964,-0.4441926,0.0088248,-0.0643416,0.0505322,0.020415,0.0067212,0.0033692,-0.0136212,0.0037906,-0.076355,-0.01142,0.0121306,-0.0083674,-0.0050218,-1.7347235e-19,0.0025556,-0.0011656,-0.0014832,-0.004377,0.0109056,0.0073698,0.0085288,-0.001687,-0.001868
Southern_Chinese,0.017358,-0.4544495,-0.020176,-0.06403475,0.0980955,0.052292,-0.00047,-0.0098075,-0.0162085,-0.00870175,-0.0241145,-0.00355925,0.00505425,-0.010012,-0.0011535,0.00036475,0.000163,-0.00167875,-0.00182275,-0.01250575,0.0125405,0.0040805,0.01750125,0.00024125,-0.0025445
Dai,0.015556,-0.440063,-0.045883,-0.061477667,0.12166367,0.061727667,0.00078333333,-0.0082306667,-0.019225333,-0.013364,0.010447,0.0020983333,-0.0020813333,-0.0053213333,0.00085966667,0.005392,0.0050416667,0.000211,-0.005028,-0.011505667,0.012478,0.0083673333,0.01442,0.002169,0.0073046667
Cambodian,0.0113824,-0.3974782,-0.059585,-0.0337212,0.1141132,0.0590134,-0.0032432,-0.004846,-0.003027,-0.0072894,0.0236438,0.0053052,-0.0022,-0.0038258,0.005103,-0.0045082,-0.00412,0.0004308,-0.0025894,0.00005,0.0024956,0.0108074,-0.000986,0.0035186,0.0220578
Vietnamese,0.018781,-0.4478485,-0.0250785,-0.066538,0.104327,0.0546625,0.003055,-0.0098075,-0.015646,-0.004738,-0.0215975,-0.0040465,0.0055745,-0.005367,-0.002714,0.003845,0.003716,-0.0009505,-0.0030795,-0.012756,0.0147865,0.0064915,0.012448,0.004639,-0.006167
Filipino_Luzon,0.014322667,-0.41526683,-0.051602583,-0.049042167,0.12443333,0.051525,-0.003995,-0.010595667,-0.016191417,-0.014092917,0.033438667,0.0039464167,-0.0028616667,-0.0038994167,0.0075099167,0.0068283333,-0.0027706667,0.0047720833,0.0060649167,-0.0076389167,0.0034625,-0.02084575,-0.0033378333,-0.005613,-0.042620833
Indigenous_Taiwan,0.019236,-0.4500828,-0.047291,-0.0676685,0.1420265,0.0637265,-0.0055698,-0.0148841,-0.0225589,-0.0225791,0.0475472,0.0046758,-0.005545,-0.0019679,0.007234,0.0041103,-0.0033117,0.0049788,0.0085474,-0.0194093,0.0109056,-0.0281929,0.0025389,-0.0061091,-0.0541747
Evenk,0.041102833,-0.42652222,0.13283022,-0.018734,-0.13935933,-0.084163,0.029454556,0.040806,0.026281333,0.020866056,0.061455,0.0089753333,-0.014527556,0.010711556,-0.0020282778,-0.00053033333,0.0033609444,0.0067427222,0.012548778,-0.0021885556,0.030931556,-0.014117056,0.012687611,0.0050072222,0.012147778
Indigenous_Phillipines,-0.016504,-0.3330935,-0.0923945,0.033269,0.104173,-0.006554,0.00235,-0.0139605,0.004704,0.001458,0.0424645,0.0019485,-0.00721,0.001858,0.004682,0.0000665,0.0086705,0.007158,0.00088,0.003189,0.003369,-0.0179295,-0.006039,-0.0074705,-0.0543665
Nivkh,0.028202778,-0.44096533,0.071527444,-0.036714333,-0.056489222,-0.037030333,0.0024805556,0.0055381111,0.010453444,0.018567778,-0.032874556,-0.000083222222,0.0010901111,0.0016208889,-0.014476889,-0.0086624444,0.0020427778,0.010782667,0.024455333,0.015340667,0.019549,-0.04604,-0.018309222,0.0089034444,-0.015181444
Nganasan,0.045342607,-0.40899205,0.15458236,0.0013025902,-0.15899061,-0.088522557,0.028039262,0.041911262,0.028958525,0.013192656,0.10040123,0.0094170984,-0.0045597869,-0.027307902,-0.020440344,-0.0094812623,0.0031570164,0.014010541,0.025007689,-0.00056177049,0.042149016,-0.012734197,0.032288902,-0.00045034426,0.01357877
Altaian,0.056601045,-0.29076459,0.071892909,-0.0044632727,-0.063088636,-0.025226909,0.012017591,0.014349045,-0.00041845455,0.00082,-0.016224136,-0.0020708182,-0.00058122727,-0.014068773,0.0026156364,0.0020008636,-0.0026669545,-0.0020328182,0.011484227,0.015262909,-0.026521364,0.00084318182,-0.013036182,-0.0049185,-0.002384
Javanese,0.011599143,-0.40369714,-0.079321,-0.034453333,0.14182867,0.066044,-0.0046664762,-0.013087476,-0.010947,-0.018657571,0.084047619,0.0077644762,-0.0095921429,0.0070908095,0.005765,0.0024118095,-0.0011796667,-0.0018218571,0.00025738095,0.011737714,-0.014010952,0.002349381,-0.013392905,0.0014287619,0.020893476
Buryat,0.043351826,-0.36581143,0.077850783,-0.027216261,-0.068025913,-0.038959783,0.018412696,0.026005565,0.0072649565,0.013105174,-0.021781174,0.0015246957,-0.0021393913,0.0056604783,0.0049744348,0.0040526522,-0.00039121739,-0.0019333913,0.0055306957,0.016698174,-0.020800174,-0.0098545652,-0.023320652,-0.0021322174,0.00018230435
Thai,0.0196916,-0.3742225,-0.0630922,-0.0281979,0.0935559,0.0548578,-0.003243,-0.0061151,-0.0048677,-0.0059409,0.0200873,0.0020083,-0.005322,0.0003579,0.0005975,-0.0000265,-0.0005605,-0.0021283,-0.0036956,-0.0021636,0.0016596,0.0076046,0.003081,0.0019039,0.0131724
Ainu,0.011382,-0.380824,-0.011314,-0.00646,-0.007386,-0.008367,-0.004935,0.009923,0.019839,0.023508,-0.038161,-0.005245,0.002825,0.007707,-0.044381,-0.007425,0.009779,0.010642,0.01257,-0.001501,0.049288,-0.037838,-0.001849,0.004338,-0.055444
Burmese,0.020184733,-0.3647104,-0.0535008,-0.016193067,0.048726867,0.0396582,0.001128,0.0013384667,0.0050448667,0.0068156,-0.019302533,-0.0018083333,0.0022892667,-0.00013773333,-0.0066411333,-0.004013,0.0035204,-0.0013091333,-0.0046340667,0.0046606667,-0.0016305333,0.0187622,0.0051682,0.0033255333,0.028205133
Ulchi,0.0290248,-0.4423646,0.08225,-0.0350132,-0.0651505,-0.0429213,0.011022,0.0137071,0.0116783,0.017604,-0.0215815,0.0026228,-0.0021705,0.0004678,-0.0088489,-0.0068947,0.0012778,0.0097298,0.0222864,0.0147696,0.0185921,-0.039037,-0.0133231,0.0079407,-0.0054007



