Cypriots,0.10050163,0.14702607,-0.035421333,-0.069038259,-0.0031685556,-0.023313185,0.00013925926,-0.0042648519,-0.0016285926,0.017150519,0.0036327037,0.0018206296,-0.000016555556,0.003048037,-0.012048926,0.000088407407,0.0046117778,0.00075077778,0.003636,-0.0028948889,-0.0019687407,0.0012869259,-0.0010956296,0.002334037,-0.00083825926
Jewish,0.10045592,0.13618584,-0.0065552087,-0.040445072,0.010362907,-0.014398023,-0.0012624132,-0.00061409298,0.0074816074,0.013295312,0.00097870248,-0.001365845,0.0013462397,0.0014575496,-0.0052807562,-0.0014174153,-0.0027421322,-0.00083890496,0.00040955165,-0.0034471384,-0.0037083285,-0.0032203326,0.0014886508,0.003010186,0.000093035124
Finnish,0.12926352,0.085216109,0.090566239,0.076572065,0.031176283,0.022153696,0.0092571304,0.014191674,0.0032279348,-0.023845152,0.004109087,-0.0077735217,0.013427978,0.0033179565,0.0028265435,0.0029631087,-0.0026558696,0.00043519565,-0.00068034783,0.0057337174,0.0094941522,0.00026613043,0.0028882826,0.0067347391,0.0021423261
Swedish,0.13220493,0.12593516,0.072502308,0.059102963,0.040384121,0.020809963,0.0064197664,0.0093446729,0.0037406916,-0.006650729,-0.004191785,0.00054619626,-0.0030787944,-0.0033274019,0.014646411,0.0061623458,-0.0048949346,0.0015794766,0.0028429439,0.0050947196,0.0068080654,0.0024371869,0.0012693271,0.011635336,0.00024508411
Norwegian,0.13180044,0.12968906,0.067948176,0.054815,0.040704324,0.019784735,0.0042922353,0.0059588824,0.0061958529,-0.0029425,-0.0047667353,0.0042889412,-0.0094224412,-0.0096295588,0.020162441,0.0055805,-0.0079840588,0.0034354412,0.0034492647,0.0046823235,0.0056077059,0.0036114118,0.00018114706,0.013286618,-0.00023594118
Latvian,0.13431117,0.12186367,0.0885605,0.088502,0.043495167,0.033699167,0.011828833,0.014383833,-0.002352,-0.038603333,-0.0029503333,-0.013413167,0.023711333,0.030965167,-0.010857667,0.0030275,0.0035853333,0.0002955,0.00094266667,0.0040436667,-0.0024748333,-0.0061208333,0.0090585,-0.0095795,0.0017763333
Lithuanian,0.13636,0.1289724,0.0843244,0.0804916,0.0464084,0.0303992,0.0098706,0.0160608,0.0009408,-0.0279188,-0.0058784,-0.0107606,0.0233098,0.0324238,-0.0103962,-0.0003182,-0.0029204,-0.0017738,0.001106,0.002126,-0.0025956,-0.0033386,0.0103526,-0.0083384,-0.0001196
Estonian,0.1329454,0.1141455,0.087756,0.0833017,0.0427771,0.0297575,0.0113745,0.0144457,0.0004091,-0.028447,0.000065,-0.0123489,0.0194597,0.0213591,-0.0066639,0.0017104,0.0002216,-0.0024832,0.0013451,0.0022137,0.001385,-0.0018672,0.0042644,0.0007471,0.0030535
Russian,0.13203475,0.1180555,0.07740425,0.066215,0.03593,0.02391475,0.00605125,0.01367225,-0.0048065,-0.0235995,0.0009335,-0.011315,0.01940025,0.02542575,-0.01180775,-0.00464075,0.0013365,-0.003579,0.00062825,0.0054715,0.0003745,-0.001762,-0.0002465,-0.0061755,0.0006885
Albanian,0.12217939,0.14341256,0.017687854,-0.016268171,0.025445634,-0.0074144146,0.0029231707,0.0014914634,0.0015264634,0.017650268,0.00025743902,0.003322561,-0.0064287073,0.006897878,-0.019745683,-0.0016298537,0.012923854,0.00061804878,0.0077258537,-0.0062072195,-0.0086979756,0.0010073171,0.0025580488,0.003150561,-0.0027305366
Aegean_Greek,0.10471713,0.1466424,-0.027253333,-0.0609178,0.0021132667,-0.0195596,0.0034780667,-0.0040151333,-0.0027405333,0.016522733,0.0052720667,0.0028075333,-0.0038949333,-0.00044966667,-0.013110667,-0.0025987333,0.0026684667,0.005,0.0044496667,-0.0046689333,-0.0042507333,-0.00093973333,-0.000148,0.0013334667,-0.0027780667
Maltese,0.091912375,0.14649012,-0.0024985,-0.043403125,0.013271375,-0.017814125,-0.004406375,-0.000923125,0.01109525,0.020524375,0.006150375,0.000973875,-0.002898875,-0.000722625,-0.004258125,0.000878375,-0.000407375,-0.00376875,-0.000487125,-0.002360625,-0.006145375,-0.00259675,0.00281925,0.001189875,0.002904
Sardinian,0.1213354,0.1677655,0.0281332,-0.0510017,0.0603804,-0.0222275,-0.0039245,0.0021691,0.0419071,0.0775597,-0.0003734,0.0165302,-0.0284536,-0.0124135,-0.0142506,-0.0043621,0.0104308,-0.0010642,0.00225,-0.0134063,-0.0021461,-0.0011749,-0.0102297,-0.021039,0.0011137
Southern_Italian,0.1097256,0.1494856,-0.001735,-0.041667,0.0176032,-0.0135542,0.000517,-0.0054918,0.007731,0.0232168,0.0033452,0.0026376,-0.008979,-0.0012386,-0.0085232,-0.003792,-0.004068,0.0015202,0.002514,-0.0022012,-0.0050162,0.0011622,0.0000246,0.0038318,0.0049334
Northern_Italian,0.12292886,0.14739686,0.027260286,-0.015457857,0.032225857,-0.007251,0.0017792857,0.0012197143,0.0091744286,0.030016857,-0.0014847143,0.007793,-0.015120857,-0.006075,-0.001803,-0.0053982857,-0.0041537143,0.0015204286,0.0036991429,-0.0043414286,-0.0024064286,0.0013955714,-0.000176,0.0034081429,-0.0018647143
Northern_French,0.12717136,0.14143555,0.050431273,0.023990091,0.040902727,0.0093048182,0.0027985455,0.0054543636,0.011602182,0.018173909,-0.0077060909,0.0068120909,-0.012906545,-0.010384364,0.013769545,0.0060630909,-0.0018255455,0.0046643636,0.0027081818,-0.00097781818,0.0022007273,0.0035747273,-0.0012325455,0.011140545,-0.0019050909
German,0.13031626,0.13738516,0.057603343,0.038228,0.039491451,0.015306196,0.0042370196,0.0060449902,0.003749549,0.0015061176,-0.0042523725,0.002275951,-0.0053561471,-0.0018336569,0.0086274902,0.0029768039,-0.0031483922,0.0015662941,0.0035664608,0.001313098,0.002927402,0.0019190098,0.00041086275,0.0083899216,0.000065764706
Basque,0.12520538,0.14902888,0.05444675,0.0086267917,0.054009958,0.000511375,-0.00076375,0.00055754167,0.028846292,0.041625708,-0.005284375,0.010303333,-0.024937917,-0.018515958,0.01547775,0.0015745,-0.006546375,0.0029877083,-0.0023045417,-0.0031629583,0.008173125,0.00156625,-0.0066707917,-0.00803825,0.00094795833
Spanish,0.10775233,0.14386667,0.040477333,-0.0021533333,0.043802667,0.0018593333,-0.0017233333,0.004615,0.028428667,0.029218333,-0.0023276667,0.007843,-0.012091,-0.012019,0.01226,-0.006541,-0.0067796667,-0.0017313333,-0.004525,-0.0022926667,0.000291,-0.00090666667,0.0013146667,-0.0025703333,-0.002754
Portuguese,0.10476667,0.14533107,0.037015239,-0.0031036087,0.042007739,-0.0033466957,-0.0036527609,0.0030349348,0.025729957,0.029082478,-0.001998087,0.0062586304,-0.01189287,-0.011431696,0.011382783,-0.0015766522,-0.0034182826,-0.00094743478,-0.0049405,-0.0011717609,0.0013562826,-0.0025321522,0.0012806957,-0.0018021522,-0.00057530435
English,0.13179763,0.136504,0.062036333,0.04384725,0.039699667,0.016617208,0.0046510417,0.00520175,0.005240875,0.0049127917,-0.00544675,0.0057324583,-0.012425542,-0.0106945,0.020985792,0.004347875,-0.00953975,0.0034205417,0.003498625,0.0031629167,0.0057970833,0.0037919583,-0.002927125,0.013455583,0.00015975
Welsh,0.1319779,0.13816285,0.0601319,0.0430236,0.04059215,0.0166218,0.0033135,0.00639205,0.0062789,0.0043372,-0.00423025,0.00591215,-0.0129112,-0.01097545,0.02059545,0.00570795,-0.00870315,0.00235635,0.003086,0.00200715,0.0049849,0.0038518,-0.00001235,0.0112243,0.00080825
Scottish,0.13153262,0.13378109,0.062247147,0.0474905,0.038595235,0.017422412,0.0032416471,0.0051921176,0.0039882353,0.003098,-0.0058650882,0.0054922059,-0.012142206,-0.012774588,0.022976647,0.0043325882,-0.0096023824,0.0026083529,0.0024141765,0.0022106765,0.0038020588,0.0033967647,-0.00066338235,0.014268441,-0.0011657941
Irish,0.13349653,0.13424234,0.0615818,0.0491266,0.037704147,0.019507621,0.0031935684,0.0047462947,0.0037761579,0.0026797895,-0.0068459263,0.0057517474,-0.014135242,-0.013678211,0.025923947,0.0049615789,-0.011359895,0.0020190842,0.00085737895,0.0015559579,0.0050687158,0.0016152842,0.00076930526,0.014576495,0.00078153684
Austrian,0.1290886,0.1350056,0.054394,0.032737,0.0347756,0.0125666,0.0072299,0.0062441,0.0028274,0.0027551,-0.0038781,0.0007847,-0.0012942,0.0027849,0.0005029,0.0036968,0.0002223,0.00079,0.0031793,0.0008385,-0.0009909,-0.0026548,0.0016675,0.0029627,-0.0010284
Polish,0.1318405,0.1292694,0.0698685,0.0577382,0.0406754,0.0217127,0.0086781,0.0108626,-0.0009329,-0.0185524,-0.0043488,-0.0064187,0.013093,0.0186295,-0.0070244,-0.0005595,0.0015455,-7.41e-05,0.0026948,0.0012872,-0.0031286,-0.0031185,0.0056063,-0.0033328,-8.76e-05
Czech,0.1311592,0.1318625,0.0604843,0.0472574,0.038658,0.0189217,0.0063451,0.0086623,0.0046724,-0.0088874,-0.0016862,-0.0038965,0.0060493,0.011772,0.0017435,0.0009995,-0.0006419,-0.0001462,0.0035679,0.0028956,-0.001267,-0.0001617,0.0065132,0.0039302,0.0015935
Slovak,0.1304414,0.128769,0.0626776,0.0514862,0.0412384,0.0200244,0.006768,0.0077998,-0.0018408,-0.0115538,-0.0019162,-0.0037466,0.009871,0.0104318,-0.0091476,0.0092814,0.012934,0.0002534,0.0054304,0.0023512,-0.0037186,-0.0020774,0.0043382,0.001928,-0.0018922
Hungarian,0.1267989,0.1284137,0.05415455,0.03593375,0.0351449,0.013094,0.00771995,0.00818045,0.00162595,-0.0043555,-0.0016888,-0.0019558,0.0033522,0.00780315,-0.00430915,0.00175015,0.0034746,-0.0002661,0.00272765,-0.0001438,-0.0028388,0.00059335,0.00578035,0.0027955,0.00138905
Belgian,0.1271867,0.1378863,0.0508694,0.0285197,0.038879,0.0112177,0.0042389,0.0034529,0.0074159,0.0110489,-0.0050521,0.0047014,-0.0127298,-0.0096131,0.0131448,0.0035701,-0.004404,0.00221,0.0022114,-0.0012784,0.0035491,0.0017494,-0.0014059,0.0102914,0.0011088
Dutch,0.1274407,0.1341783,0.0602712,0.0440759,0.0408435,0.0163974,0.0054023,0.0072633,0.0042087,0.0019245,-0.0056347,0.0044274,-0.0098456,-0.0086761,0.01783,0.0056231,-0.0065161,0.0017477,0.0039087,0.0028161,0.00448,0.0033848,-5.1e-06,0.0138921,-0.0006557
Danish,0.1312479,0.1350654,0.0663779,0.0524377,0.0413029,0.0194569,0.0051584,0.0074014,0.0034365,-0.002558,-0.0053588,0.0034802,-0.0085067,-0.0070935,0.0186691,0.0061171,-0.0065193,0.0020474,0.0032402,0.0043462,0.0056397,0.0024349,0.0006923,0.013774,0.0002011
Croatian,0.128051,0.1338467,0.0518917,0.0314925,0.035822,0.0125223,0.0060161,0.0067381,0.0018408,-0.0058862,-0.001153,-0.0023827,0.0047275,0.0127851,-0.0066365,-0.0022011,0.0027512,-0.0007223,0.0018101,-0.0007503,-0.005166,-0.0024236,0.0044246,-0.0010966,0.0001796
Serbian,0.1273334,0.137229,0.040024,0.0148299,0.0314974,0.0045957,0.0048738,0.006672,-0.0011737,-7.9e-06,-0.0022946,-0.001251,0.0034128,0.012434,-0.0128875,-0.0008358,0.0040476,0.0005894,0.0043011,-0.0024468,-0.0083168,-0.0017151,0.0048925,0.000372,-0.0020097
Greek,0.11908725,0.14204725,0.005232625,-0.024749875,0.01607975,-0.008436375,0.00064625,-0.001557625,-0.00265875,0.014988875,0.003065125,0.0021355,-0.004812875,0.00445575,-0.015251625,-0.00222075,0.0081165,0.0021855,0.005027875,-0.00651875,-0.00534975,0.001159125,0.003805375,0.000873625,-0.001661375
Ukrainian,0.13028,0.12385233,0.067803167,0.057359417,0.037801792,0.021509417,0.0093513333,0.011211,-0.0029740833,-0.022187208,-0.000493875,-0.007449625,0.015336792,0.023762833,-0.0114005,-0.0026849583,0.0017819583,-0.00030616667,0.003571875,-0.0000051666667,-0.0058855,-0.0046112917,0.00619325,-0.0049302917,0.000414125
Romanian,0.12330833,0.1325604,0.035499533,0.0099268667,0.027718,0.0030119333,0.0036973333,0.0053073333,-0.0000954,0.0044708667,-0.0034968,-0.00096906667,0.001437,0.0096702667,-0.012884267,-0.00017693333,0.0062496667,-0.00042233333,0.0035194667,-0.0018090667,-0.0063388667,-0.0014590667,0.0039027333,0.0022814667,-0.0011975333
Bulgarian,0.1245224,0.1350652,0.0262476,0.0029716,0.0242814,0.0009202,0.0052875,0.003392,-0.001043,0.0059226,-0.0009906,-0.0006145,0.0012191,0.0111337,-0.0138433,-0.0018827,0.0075491,0.0004433,0.003683,-0.0014007,-0.0061142,-0.0000124,0.0043137,-0.0008436,-0.0015207
Slovene,0.12904675,0.13468475,0.05491825,0.034520625,0.03454475,0.012062,0.005933875,0.009086125,0.001585,-0.00291575,-0.001766,-0.00170475,0.0034005,0.013143,-0.006752,-0.00179,0.001890625,-0.00288225,0.00724325,-0.00137575,-0.0027295,-0.00185475,0.003944,0.000421875,0.001601375
Moldovan,0.12517194,0.12449197,0.045099176,0.027816,0.029543912,0.011016235,0.0079972059,0.0077304412,-0.0012751765,-0.0043253824,-0.0026221765,-0.0033059412,0.0059202941,0.014596088,-0.011196941,-0.0027375882,0.0049430882,-0.00049926471,0.0033310882,-0.00079814706,-0.0044847059,-0.00053097059,0.0043860882,-0.00036147059,-0.0000035
Montenegrin,0.1263436,0.136487,0.039673,0.013889,0.0318826,0.0074744,0.004512,0.0058612,0.0001228,0.002515,-0.001429,-0.0006592,-0.000684,0.0105144,-0.0129208,0.0029436,0.0087096,-0.0013428,0.0070894,-0.0012758,-0.0048414,0.0012364,0.005497,0.0016388,0.0007904
Sicilian,0.099595,0.1452205,-0.005845,-0.044897,0.01708,-0.01757,-0.0022325,-0.002654,0.005522,0.0196815,0.002192,0.0019485,-0.0014865,0.003165,-0.005361,-0.011933,-0.0085405,0.001457,-0.0008175,-0.0039395,-0.0035565,-0.001855,-0.0010475,0.002651,0.002335
Southern_French,0.1226445,0.14420525,0.036266583,0.0039298333,0.037391333,0.00099941667,0.00287875,0.0043460833,0.009766,0.020805167,-0.0039244167,0.00811775,-0.012264333,-0.01088375,0.0055985,0.0023866667,0.000315,0.0036105833,0.0019169167,-0.00112575,0.0021108333,0.003081,0.00059558333,0.0071394167,-0.00048891667
Bosniak,0.128873,0.13506522,0.043368778,0.021461556,0.029954222,0.0095751111,0.004465,0.0051793333,-0.0028634444,-0.0015388889,0.001191,-0.0029974444,0.004559,0.014649333,-0.012667111,0.00028,0.0062727778,-0.0015344444,0.0046368889,0.0010284444,-0.0051576667,-0.0034761111,0.0078332222,0.0013656667,-0.0017696667
Romani,0.091058667,0.06364,-0.058830667,0.024978667,-0.018772333,0.013108,0.00039166667,0.0025386667,0.016702667,0.014882333,0.00037866667,-0.00034966667,0.00094166667,0.008762,-0.010540667,-0.0052153333,0.008866,0.003125,0.0015083333,0.0010006667,-0.0020796667,0.00012366667,-0.00065733333,-0.0040163333,-0.0012773333
Saami,0.118376,-0.008463,0.107228,0.076766333,-0.0027696667,0.008274,0.0094,0.014307,0.00047733333,-0.028307333,0.020515,-0.0070436667,0.017591667,-0.0099086667,-0.00027133333,-0.0064526667,-0.013038333,-0.00029566667,-0.0035616667,0.0017923333,0.016429667,-0.000041333333,-0.0037796667,0.0042176667,-0.00012











































